OTU col0 col1 col2 col3 col4 col5 col6 col7 col8 col9 col10 col11 col12 col13 col14 col15 col16 col17 col18 col19 col20 col21 col22 col23 col24 col25 col26 col27 col28 col29 col30 col31 col32 col33 col34 col35 col36 col37 col38 col39 col40 col41 col42 col43 col44 col45 col46 col47 col48 col49 col50 col51 col52 col53 col54 col55 col56 col57 col58 col59 col60 col61 col62 col63 col64 col65 col66 col67 col68 col69 col70 col71 col72 col73 col74 col75 col76 col77 col78 col79 col80 col81 col82 col83 col84 col85 col86 col87 col88 col89 col90 col91 col92 col93 col94 col95 col96 col97 col98 col99
OTU0 41 1 38 52 4 11 88 70 1 11 15 24 82 41 89 40 27 64 16 78 33 40 60 73 64 29 31 10 16 58 31 9 74 35 26 55 83 85 17 47 54 52 87 55 36 3 79 1 42 70
OTU1 67 71 29 37 90 47 5 73 42 89 6 73 91 28 51 60 95 26 22 19 44 88 74 68 24 71 30 94 52 99 88 72 55 1 94 76 27 5 83 97 57 18 64 61 86 44 68 55 74 95
OTU2 78 0 12 20 100 18 96 49 74 55 91 10 58 66 54 27 91 78 41 4 63 20 22 20 15 79 4 12 74 90 87 13 43 43 80 19 37 2 55 32 13 98 98 75 47 62 70 82 68 27
OTU3 83 34 44 86 6 100 88 14 50 99 31 24 75 27 49 93 42 54 98 53 95 90 39 24 54 30 11 51 33 8 44 98 93 20 13 11 34 22 15 95 20 48 93 22 90 45 51 74 94 28
OTU4 52 2 6 73 97 29 53 23 42 13 55 97 26 6 70 65 72 57 61 72 32 31 96 13 2 41 28 51 77 2 100 22 2 66 70 14 100 68 23 96 66 64 26 60 9 96 78 26 73 63
OTU5 4 99 99 99 43 11 62 65 62 89 34 36 75 3 32 89 32 81 51 20 75 77 66 79 63 98 76 9 15 24 47 45 45 92 6 58 99 62 3 81 18 7 4 19 91 49 66 48 54 89
OTU6 7 32 45 51 70 18 18 7 50 60 1 60 35 31 48 26 89 78 79 80 1 63 71 3 89 4 11 56 36 84 28 75 62 49 75 14 61 33 20 52 6 9 19 29 39 51 97 32 30 20
OTU7 24 86 27 85 47 39 41 91 39 71 75 36 70 41 84 77 93 75 4 82 41 33 48 11 48 51 46 36 36 56 70 80 95 16 51 88 31 47 68 56 100 77 7 46 12 64 89 34 15 44
OTU8 25 61 73 86 0 90 59 88 67 34 87 20 60 23 41 65 72 81 25 15 41 35 22 77 45 34 76 7 71 0 4 85 83 46 21 94 83 36 58 25 80 92 28 90 0 39 19 5 78 2
OTU9 88 11 39 76 4 41 96 12 98 21 66 94 38 44 68 59 75 55 46 65 81 8 55 78 88 31 34 75 59 64 32 57 60 24 20 61 17 81 47 98 57 76 94 40 44 4 83 60 36 62
OTU10 100 90 16 75 24 12 5 57 3 23 87 42 59 62 97 88 81 98 11 2 100 87 8 18 20 4 90 59 19 17 9 46 86 9 45 99 4 70 3 68 63 77 72 40 58 36 14 2 9 26
OTU11 60 16 92 71 64 75 42 51 65 69 46 85 54 86 71 6 0 16 79 95 55 33 81 44 63 21 43 85 36 8 21 1 74 19 35 24 47 67 80 40 61 75 50 88 95 1 50 81 60 87
OTU12 22 19 52 87 82 46 17 62 34 27 55 15 66 68 6 55 29 71 5 5 70 80 97 44 97 92 58 38 57 71 37 48 98 47 42 100 21 3 64 48 57 74 9 45 27 65 30 7 21 100
OTU13 52 14 75 15 5 77 81 78 67 94 68 8 68 85 30 77 16 21 42 87 41 80 80 40 70 55 59 42 0 64 94 79 87 25 57 78 57 6 53 4 47 31 87 32 90 0 96 88 3 14
OTU14 51 80 69 3 47 76 93 97 92 1 66 92 89 15 5 28 66 74 73 70 22 34 64 1 13 32 83 64 46 1 57 73 100 37 64 43 0 15 65 73 59 20 52 3 80 71 85 59 75 8
OTU15 75 63 21 46 49 88 29 42 8 50 80 100 100 82 30 51 6 43 32 73 2 29 57 26 63 74 29 48 92 40 25 22 77 63 10 20 83 81 6 26 52 15 59 83 10 96 29 96 36 0
OTU16 75 92 19 100 36 90 33 70 30 40 25 79 40 58 75 89 2 29 28 42 12 49 11 33 19 24 55 62 71 48 17 10 68 25 56 60 99 70 100 86 29 82 59 12 53 65 71 20 79 88
OTU17 62 73 19 30 6 99 31 71 65 69 91 80 36 91 53 95 67 39 7 76 67 83 65 41 19 57 62 58 55 68 57 53 99 62 18 19 17 96 41 82 9 53 28 27 34 20 37 34 8 71
OTU18 88 66 74 56 78 84 16 23 3 14 95 83 32 25 21 95 51 73 15 73 58 95 27 36 86 92 16 92 28 27 85 7 27 20 23 91 27 48 72 84 41 85 35 90 12 58 88 28 51 17
OTU19 0 55 89 18 5 69 75 84 48 94 34 81 76 47 97 69 3 29 77 32 44 77 18 20 59 95 6 34 14 29 55 99 33 73 94 13 6 100 67 45 75 30 61 88 54 76 69 50 69 26
OTU20 68 54 21 22 98 45 84 9 86 76 52 14 66 75 74 60 5 21 38 48 12 38 77 95 51 25 30 38 8 48 2 80 11 50 11 9 93 86 34 17 26 92 48 5 90 29 40 71 57 97
OTU21 42 56 74 5 13 86 82 43 23 37 37 51 79 80 97 24 95 70 99 97 68 38 41 77 55 34 73 87 99 65 79 29 46 67 50 98 49 61 87 91 100 8 94 33 6 49 90 93 96 57
OTU22 61 40 68 42 42 59 85 65 21 10 48 68 24 55 54 50 60 63 64 2 10 68 22 21 18 98 31 83 9 29 68 80 64 1 52 14 39 35 6 89 72 15 81 9 23 71 81 78 37 53
OTU23 51 35 51 79 77 41 16 92 10 9 13 61 34 16 65 92 96 85 32 63 46 55 67 92 18 78 16 22 10 48 57 91 93 51 41 40 10 48 60 86 91 4 52 46 16 6 14 34 33 57
OTU24 7 75 27 99 79 13 100 81 69 3 7 42 12 72 4 65 52 40 78 68 63 81 15 47 34 3 5 25 12 46 79 21 57 98 29 49 20 70 32 45 74 13 0 24 37 2 39 13 60 3
OTU25 98 77 22 97 39 89 19 18 18 41 39 1 38 66 4 16 27 13 84 34 74 75 64 27 68 96 58 63 6 83 69 49 88 2 7 59 35 58 92 35 88 31 17 27 21 0 1 80 93 60
OTU26 51 71 31 85 84 1 66 60 76 30 5 95 58 42 32 52 43 66 100 90 85 71 61 67 6 92 42 4 65 40 95 25 95 74 66 17 59 43 2 90 74 9 30 79 88 51 19 46 57 0
OTU27 88 6 31 38 42 5 37 61 98 82 22 6 45 30 82 4 54 85 83 40 0 21 43 28 83 87 66 85 38 62 86 59 16 67 85 81 20 99 63 36 38 64 19 71 6 14 76 2 83 71
OTU28 72 63 86 52 69 93 6 93 3 9 34 20 54 71 0 10 100 83 73 84 75 41 64 59 58 11 56 99 60 4 48 2 29 81 36 90 2 80 4 4 74 14 78 98 44 100 37 84 19 71
OTU29 35 5 90 48 74 12 10 21 97 88 82 63 91 62 71 11 55 9 29 48 38 38 81 85 13 12 91 77 10 64 67 72 70 28 70 18 55 35 50 55 39 43 82 45 45 11 62 41 56 19
OTU30 4 51 12 20 62 87 28 99 73 9 14 85 39 79 79 46 71 89 35 78 4 25 61 1 12 89 75 63 78 72 72 12 46 78 10 83 78 14 32 51 34 45 86 94 53 50 27 74 14 80
OTU31 14 71 88 21 61 46 7 54 90 69 49 54 14 16 75 33 97 98 42 94 81 71 23 9 13 43 38 82 17 60 31 88 68 59 6 14 57 29 36 73 73 12 18 1 38 40 97 34 99 7
OTU32 50 24 59 82 16 50 66 82 32 55 76 41 59 7 36 67 63 86 47 87 83 23 38 29 6 1 56 25 15 6 52 41 51 53 37 57 13 48 53 96 29 52 18 61 50 94 53 99 18 16
OTU33 37 42 68 76 29 62 81 32 55 71 22 71 78 8 32 25 9 91 99 99 28 59 35 16 91 53 4 20 32 65 68 77 56 64 83 19 94 61 62 9 85 31 74 86 62 74 38 10 74 58
OTU34 48 4 45 86 46 86 50 88 8 13 100 11 72 73 5 47 68 0 15 87 40 68 95 18 45 53 26 45 93 58 65 30 0 10 65 13 31 2 53 71 93 90 45 34 67 4 43 70 94 68
OTU35 69 39 76 47 58 29 6 33 30 6 77 8 89 66 33 85 71 56 12 43 89 91 52 18 75 72 58 98 74 82 42 30 15 95 44 79 45 0 74 51 95 85 48 20 54 17 97 83 11 22
OTU36 15 84 1 38 54 42 99 97 100 31 70 54 36 86 83 85 86 21 1 1 17 28 36 29 100 73 46 99 63 34 97 99 12 59 11 10 34 11 39 38 58 9 55 53 64 55 0 19 23 37
OTU37 28 96 3 47 31 97 7 99 43 23 58 7 78 87 39 56 24 65 43 81 100 52 92 40 13 81 79 27 18 14 89 53 91 29 77 30 71 76 28 61 11 89 100 50 51 1 41 85 17 15
OTU38 75 24 81 52 83 99 77 16 14 77 4 92 77 74 4 56 100 16 90 38 78 33 77 17 40 87 26 84 50 1 69 59 86 60 13 97 31 61 31 64 35 49 50 81 18 40 89 89 34 36
OTU39 4 54 66 53 82 8 4 42 27 18 20 92 33 78 54 54 29 76 83 29 43 46 13 20 18 57 81 75 35 94 95 12 70 39 34 78 100 41 57 73 92 6 50 65 24 67 62 49 37 0
OTU40 44 74 23 14 43 96 46 24 29 0 80 51 43 15 49 62 84 32 33 50 92 61 62 18 76 37 16 8 17 79 34 4 86 43 99 89 74 14 5 6 56 10 82 55 99 43 25 86 59 25
OTU41 11 31 99 99 45 89 85 98 33 55 73 84 7 94 79 75 90 84 29 100 76 58 49 61 51 71 63 15 77 59 58 6 81 9 67 13 30 52 14 28 94 16 28 95 99 43 29 29 5 17
OTU42 8 9 11 31 57 79 14 98 87 0 39 14 6 71 38 65 92 31 34 24 94 5 60 67 9 10 69 56 81 35 95 59 94 22 98 96 33 72 60 62 72 85 97 68 54 77 72 51 10 24
OTU43 4 91 21 49 42 59 19 96 71 75 8 47 41 6 12 83 43 92 56 35 67 95 43 66 65 2 19 3 65 3 47 84 4 14 61 40 73 48 38 14 16 34 79 85 68 11 31 42 98 97
OTU44 80 100 32 82 27 7 67 78 29 70 99 51 83 23 82 72 9 15 48 6 86 49 97 67 61 48 16 17 52 92 51 48 93 3 97 61 22 48 49 24 21 4 95 91 29 58 78 14 68 10
OTU45 55 99 79 72 16 51 76 49 8 18 31 47 62 76 87 84 61 25 13 6 47 32 26 9 63 56 21 29 53 32 40 48 46 65 79 3 83 92 59 44 66 64 90 27 2 39 41 93 41 69
OTU46 7 60 79 18 74 97 3 43 81 1 61 26 60 0 50 31 29 72 98 16 50 9 95 2 31 79 44 4 52 27 66 64 60 5 16 58 71 62 20 61 10 61 98 44 7 98 9 96 8 14
OTU47 49 98 17 83 86 0 24 67 97 30 98 8 98 37 5 51 57 100 3 45 39 58 81 36 0 69 75 28 95 28 30 89 60 28 57 97 65 16 95 23 58 1 83 23 15 27 5 62 4 41
OTU48 99 46 51 70 14 76 9 93 62 20 6 70 71 79 82 95 52 89 15 49 80 97 38 17 31 83 96 16 84 16 70 93 20 91 22 16 2 20 56 19 49 37 1 65 53 90 52 39 86 32
OTU49 34 2 43 93 79 78 42 35 71 20 84 57 20 37 91 97 75 70 52 18 98 50 16 41 25 21 83 97 92 3 76 62 8 87 54 26 0 76 89 80 4 87 17 45 88 3 55 48 37 31
OTU50 68 46 61 90 79 60 64 59 72 82 54 30 7 80 67 43 66 23 12 19 65 12 25 25 57 88 67 72 53 89 19 7 91 14 63 66 34 52 10 80 48 25 81 17 70 48 72 44 20 58
OTU51 95 67 41 57 72 98 11 50 32 33 4 33 41 83 11 37 5 11 34 89 53 52 93 78 56 50 54 45 43 14 0 45 67 24 40 49 47 11 21 29 88 100 31 78 48 89 85 42 50 47
OTU52 84 60 45 79 71 66 24 11 72 88 35 37 45 5 83 9 81 93 21 2 23 67 80 52 25 67 78 64 21 59 71 84 15 59 14 77 98 77 53 2 95 73 6 38 43 58 95 76 67 34
OTU53 17 30 72 74 71 63 37 76 3 30 37 89 59 83 32 12 76 84 13 93 92 44 9 28 3 76 44 10 25 12 17 78 0 59 16 58 82 57 95 97 47 25 52 92 99 38 16 19 84 27
OTU54 14 6 28 31 75 43 82 69 8 51 42 46 24 69 13 19 45 26 46 52 82 72 41 22 21 29 42 31 21 51 14 76 100 33 69 79 45 17 6 95 48 11 58 55 85 51 3 85 25 84
OTU55 43 1 37 71 44 91 48 59 57 94 5 7 21 20 7 32 48 98 46 78 53 74 48 19 12 92 9 94 43 17 26 72 100 17 34 58 10 9 27 83 36 81 81 97 2 64 95 7 87 64
OTU56 82 69 38 70 53 22 14 12 22 92 24 85 77 46 91 96 64 31 56 58 82 3 36 83 9 5 20 92 44 36 2 3 75 27 12 27 27 97 57 10 3 4 31 1 10 38 24 55 87 23
OTU57 97 72 1 22 73 4 19 49 76 75 90 91 88 5 35 75 15 53 66 25 56 11 56 61 43 65 62 80 58 80 51 14 19 57 73 66 1 3 18 49 67 49 87 28 7 51 43 33 18 76
OTU58 11 36 98 98 66 16 88 15 28 48 91 23 84 68 45 82 10 29 60 81 60 74 89 93 65 39 0 3 81 26 54 38 2 47 93 10 23 52 38 24 25 46 66 51 4 23 18 17 78 95
OTU59 98 100 47 55 26 16 11 46 80 39 37 0 97 99 16 90 14 73 66 85 23 86 46 0 14 76 65 99 3 26 98 75 20 38 75 37 2 69 82 41 1 27 70 69 51 85 70 84 74 18
OTU60 0 51 87 39 99 52 57 17 50 61 34 70 52 80 11 36 23 65 75 100 47 91 72 94 8 74 10 25 13 24 3 80 84 5 56 89 8 15 4 32 70 12 11 10 28 64 67 78 65 69
OTU61 97 49 7 48 72 8 9 35 90 48 89 23 68 73 23 9 31 3 39 11 27 71 100 25 81 37 61 12 19 58 64 95 33 87 88 94 56 3 56 30 61 93 29 86 57 11 43 57 54 41
OTU62 92 66 68 22 79 34 38 33 47 10 18 31 61 97 24 21 7 66 32 28 26 33 85 32 69 53 62 100 83 53 42 81 23 93 6 74 67 45 18 46 69 66 22 8 66 52 10 73 32 53
OTU63 28 16 4 19 91 74 50 76 99 71 69 77 12 28 36 60 29 95 3 95 75 32 83 11 94 31 16 14 96 84 21 66 33 30 43 76 59 92 44 37 51 88 59 67 13 72 68 22 98 36
OTU64 45 49 26 53 80 80 18 25 53 0 80 46 13 3 82 23 16 74 82 57 29 8 75 41 68 14 75 41 2 93 74 38 0 82 37 60 28 67 72 62 89 53 62 1 43 0 63 67 54 16
OTU65 91 97 19 45 28 99 63 33 42 63 12 0 17 28 47 38 93 36 86 37 97 56 36 40 95 28 94 3 51 7 33 57 35 79 56 64 69 61 92 17 3 7 75 11 22 14 43 44 31 61
OTU66 72 97 49 73 80 10 20 71 3 63 9 41 26 65 31 67 94 86 17 34 99 25 7 92 78 64 67 90 45 45 5 58 43 52 8 52 43 27 45 73 4 58 74 99 67 99 20 10 37 93
OTU67 72 33 12 6 23 71 48 47 35 67 23 58 8 24 31 3 38 50 61 34 88 24 1 5 78 35 13 27 10 18 52 49 3 88 40 20 26 75 85 57 47 51 37 9 32 6 80 25 53 30
OTU68 53 10 66 77 82 79 71 17 47 34 43 1 74 22 7 42 12 20 7 83 23 61 74 27 85 39 19 5 24 5 67 8 8 62 69 23 58 33 47 43 55 39 81 11 2 43 81 95 92 0
OTU69 31 75 76 34 34 62 11 31 97 36 36 22 99 93 8 33 60 93 15 59 33 2 44 26 55 59 100 38 96 66 19 68 63 39 64 39 53 70 57 18 23 83 72 3 61 32 43 3 28 100
OTU70 32 52 55 83 2 4 94 34 28 53 84 34 74 11 49 55 31 63 7 68 100 4 83 51 3 15 68 7 69 59 36 1 3 7 55 62 19 65 71 68 94 40 11 24 43 49 97 73 98 9
OTU71 22 26 98 9 51 46 69 15 80 43 25 47 68 47 8 64 48 29 52 73 53 45 38 19 63 90 24 27 42 66 1 85 42 67 42 36 23 53 41 16 24 50 87 96 78 86 93 83 29 60
OTU72 38 25 62 56 92 60 72 23 17 93 58 43 63 69 40 0 1 96 66 16 70 49 75 75 84 89 14 82 76 0 87 54 79 50 74 7 19 8 46 36 90 100 87 73 65 52 5 96 96 96
OTU73 47 20 68 53 29 81 93 58 59 14 56 65 2 32 32 77 54 25 22 59 12 98 79 63 60 76 60 40 58 34 50 87 51 42 39 74 73 46 81 55 93 52 50 18 72 2 53 76 93 75
OTU74 1 74 100 36 23 85 26 56 62 7 18 31 14 66 58 87 62 87 8 4 27 75 19 100 83 97 49 6 85 26 16 70 78 80 10 1 51 65 64 95 35 47 71 59 76 35 71 36 53 60
OTU75 58 62 36 78 91 57 79 41 67 65 20 98 16 9 68 13 23 94 13 84 75 97 96 26 33 27 73 76 30 22 48 89 98 40 82 5 0 76 85 6 41 10 48 77 30 11 54 76 42 61
OTU76 8 79 2 55 70 78 72 76 82 26 33 73 77 35 49 79 36 62 96 12 10 10 33 94 58 57 95 20 16 45 25 29 86 34 35 36 65 94 68 73 99 74 29 93 48 81 33 92 37 37
OTU77 45 74 19 58 5 8 79 44 82 29 34 19 48 60 92 45 59 96 87 57 17 5 47 52 99 50 83 8 6 79 91 99 80 76 78 60 25 77 62 46 5 62 98 8 40 25 65 27 17 49
OTU78 27 10 6 81 37 28 26 3 50 22 25 61 14 70 81 44 78 34 40 96 35 51 1 62 94 18 91 90 46 69 32 84 9 65 21 14 62 29 66 31 79 9 63 91 87 100 60 36 99 35
OTU79 24 21 60 9 59 61 51 95 10 63 18 54 89 90 62 31 84 65 41 90 61 6 82 7 22 39 81 93 73 65 52 3 80 45 49 34 28 81 88 100 12 83 37 78 84 51 43 48 20 7
OTU80 71 15 78 9 12 99 24 63 74 45 76 11 26 94 79 48 29 42 53 16 95 3 65 2 91 22 95 32 71 11 14 12 87 95 53 64 33 84 98 65 63 45 84 16 89 49 75 44 45 100
OTU81 29 62 51 35 69 54 35 20 66 11 79 21 27 51 94 4 79 69 68 94 11 65 98 89 70 63 55 29 35 67 21 34 60 51 83 90 17 98 95 95 83 76 52 61 51 57 78 43 94 90
OTU82 4 12 92 72 68 23 73 72 71 23 56 96 56 60 9 8 38 55 67 9 25 0 38 9 4 71 57 43 58 98 41 56 75 100 35 74 45 41 32 66 98 59 95 13 12 23 0 87 91 62
OTU83 53 23 46 61 82 84 61 48 73 3 65 9 68 96 24 75 68 73 21 86 8 4 42 11 25 51 65 91 96 53 86 38 8 65 17 3 12 4 12 47 28 90 13 51 70 45 11 81 88 48
OTU84 60 61 84 53 32 28 42 73 62 98 38 10 100 0 19 35 4 25 61 0 56 15 18 37 69 65 39 23 37 73 57 58 21 44 57 25 41 58 61 96 98 4 54 91 44 37 5 0 34 13
OTU85 88 0 15 88 32 57 87 8 29 85 68 80 37 64 9 38 33 8 39 55 73 99 49 44 70 20 47 33 97 27 99 12 5 72 85 60 83 67 90 8 36 80 92 91 53 68 20 91 25 48
OTU86 13 71 89 7 73 75 17 4 73 45 14 89 27 87 34 75 68 81 65 16 10 87 22 56 47 32 82 42 35 83 78 21 61 39 71 98 59 55 24 93 6 68 16 99 19 43 23 2 7 44
OTU87 50 3 50 26 14 74 68 78 43 46 65 63 52 80 2 87 2 69 44 98 37 28 2 33 66 26 97 79 53 29 99 69 53 86 33 78 31 80 98 1 10 80 76 50 51 25 91 8 18 64
OTU88 4 96 42 59 59 63 27 38 26 100 7 5 77 0 15 40 28 51 47 64 69 15 29 54 10 82 61 2 82 12 23 55 12 100 70 38 19 91 97 2 2 73 100 90 26 61 52 93 69 96
OTU89 65 63 83 28 49 28 72 61 80 14 73 45 29 19 82 55 45 36 16 40 64 27 58 78 88 93 93 92 20 52 81 50 13 24 59 60 45 30 43 32 34 75 4 37 30 75 77 73 30 58
OTU90 9 41 71 74 62 37 7 99 12 87 71 75 28 73 96 87 70 81 86 28 61 39 71 71 87 86 92 88 5 40 0 36 77 7 83 8 12 59 73 5 95 18 38 43 68 99 79 48 7 57
OTU91 67 94 9 16 31 39 2 35 42 86 49 47 96 46 6 5 28 66 86 79 76 18 43 60 62 84 55 20 9 7 83 45 40 37 1 40 99 66 47 27 92 63 76 82 37 83 95 66 76 31
OTU92 52 98 16 84 76 9 34 15 71 6 11 61 74 44 96 51 82 11 8 92 59 18 28 53 14 52 83 6 24 84 51 49 73 99 35 27 23 28 22 28 79 33 30 67 98 25 7 2 65 11
OTU93 21 31 32 9 9 4 67 9 93 9 96 3 72 81 67 74 46 98 48 51 4 71 89 79 66 92 37 56 43 8 96 30 39 11 78 84 9 31 6 60 83 44 88 34 47 80 31 43 86 93
OTU94 26 74 30 30 20 11 66 30 89 6 65 17 38 38 78 4 18 36 22 60 8 74 39 79 0 100 76 0 15 95 65 93 42 19 56 1 1 82 92 22 48 11 36 85 17 54 46 98 53 85
OTU95 58 92 51 87 55 97 92 83 95 43 15 55 97 65 38 77 52 4 64 45 48 100 77 8 61 34 86 53 63 60 6 50 80 92 47 31 51 65 97 78 92 50 3 27 82 50 36 19 83 17
OTU96 64 5 6 54 62 96 85 69 61 23 92 2 5 65 51 4 31 22 42 85 70 20 74 92 6 51 73 30 46 80 88 25 16 56 37 64 44 25 79 88 4 55 91 73 33 32 53 95 58 75
OTU97 90 60 42 34 63 55 34 61 28 39 9 18 31 30 23 50 37 35 26 67 83 21 43 99 27 16 40 43 96 70 59 39 41 68 40 54 49 91 65 75 36 8 28 53 43 53 70 63 100 2
OTU98 1 80 39 75 89 12 84 15 38 100 4 100 1 49 45 6 54 92 26 38 74 100 42 6 49 37 23 52 67 2 12 81 92 39 16 87 79 73 16 42 14 27 69 64 20 43 79 27 96 23
OTU99 31 83 0 66 44 26 26 71 41 1 82 27 1 67 70 22 23 50 6 67 23 25 86 4 75 58 90 60 48 87 13 14 100 44 46 29 37 100 97 92 32 43 53 63 42 40 5 41 64 16
